# 3D point list with one line of data per point:
#   POINT3D_ID, X, Y, Z, R, G, B, ERROR, TRACK[] as (IMAGE_ID, POINT2D_IDX)
# Number of points: 22, mean track length: 2.9090909090909092
1 2.8599571191010202 2.7276401440372955 -0.23559319048580418 139 140 165 0.2394605605137605 4 4 3 39 5 36
2 2.8327215558296008 2.8600319111075723 -0.15545709451814077 184 187 209 0.20631014364098257 4 47 3 103 5 61
3 2.8327215558296008 2.8600319111075723 -0.15545709451814077 184 187 209 0.20631014364098257 4 48 3 104 5 62
4 2.8327020439257504 2.9164938294576057 -0.11485855759610086 185 187 210 0.22525247432624154 4 73 3 133 5 72
5 2.8330945166282366 2.9443106578528768 -0.093691434955749525 188 189 213 0.29034731908762684 4 87 3 142 5 76
6 -1.4892215010551419 0.95843707248827326 2.7087250674100245 95 73 64 0.95410677330733085 7 5560 3 2592 4 7049
7 -1.8896364296692045 1.3290082619774453 2.2263124185065153 141 102 62 0.92554568650107194 4 5933 3 3680 5 4735
8 1.0504564326859336 2.9182782985874098 0.21488621501160546 169 124 118 0.33723105448279944 4 4533 3 6537 5 5512
9 -1.4272662205997773 0.9710686347408598 2.6916051539918482 107 72 53 0.73265723544615036 7 7302 3 7175 6 7389
10 -1.72032469080752 1.7334096550075921 1.7117615828095281 169 130 90 0.59547808354147436 4 3466 3 7333 5 2714
11 2.8016729689806605 2.8529515381560122 -0.18687950730410977 161 162 186 0.36606734334612917 4 6104 3 8737 5 7902
12 -1.7840720105060615 1.368854471663443 2.1767264121116243 173 136 106 0.62815711722759504 7 4081 3 9192 6 7139
13 -1.7951450023483164 1.3378984945673669 2.2095226674062065 172 132 82 2.0582391135156053 7 9862 5 10351
14 1.599669521511438 3.700201071634686 -0.70238427368953438 124 85 42 0.99425089672413736 5 5423 4 4379 7 3375
15 1.642408709853008 3.4372513046435373 -0.41384491344388963 121 85 43 0.33523692262303478 5 5436 4 6277
16 -1.7994287428940194 1.3433816113691812 2.2105744105150746 179 138 87 1.1449771540855285 5 9560 4 7872 7 4135
17 1.1872558361713959 4.2415283217600219 -1.3541303662078694 101 66 26 2.2716324830834669 7 6163 4 8103 5 7925
18 -1.5414677973320901 1.5861307148601613 1.904864625276268 184 145 108 1.8331207839349026 5 9364 4 8239 7 3899
19 1.353626664788709 4.0374172123436507 -1.2120974911856353 83 130 143 1.8787716588722161 5 9752 4 8419 7 9413
20 1.3117424232142654 4.0857299259146664 -1.2122164155046138 12 8 3 0.2096068459323075 5 9757 4 8425 7 9414
21 1.2411543905623326 4.1784360432947221 -1.3095085918086866 28 17 4 0.53619631533558021 5 9104 7 9410 4 8428
23 -1.2292112999452449 3.4311975808877753 -0.43299811320846521 196 141 129 0.50335473510175899 7 3331 5 5590 6 9524
